Classes:

1 = Country
0 = Hip Hop

List of Actual Classes of Test Data:

[1, 1, 1, 1, 1, 1, 1, 1, 1, 1, 1, 1, 1, 1, 1, 1, 1, 1, 1, 1, 1, 1, 1, 1, 1, 1, 1, 1, 1, 1, 1, 1, 1, 1, 1, 1, 1, 1, 1, 1, 1, 1, 1, 1, 1, 1, 1, 1, 1, 1, 1, 1, 1, 1, 1, 1, 1, 1, 1, 1, 1, 1, 1, 1, 1, 1, 1, 1, 1, 1, 1, 1, 1, 1, 1, 1, 1, 1, 1, 1, 1, 1, 1, 1, 1, 1, 1, 1, 1, 1, 1, 1, 1, 1, 1, 1, 0, 0, 0, 0, 0, 0, 0, 0, 0, 0, 0, 0, 0, 0, 0, 0, 0, 0, 0, 0, 0, 0, 0, 0, 0, 0, 0, 0, 0, 0, 0, 0, 0, 0, 0, 0, 0, 0, 0, 0, 0, 0, 0, 0, 0, 0, 0, 0, 0, 0, 0, 0, 0, 0, 0, 0, 0, 0, 0, 0, 0, 0, 0, 0, 0, 0, 0, 0, 0, 0, 0, 0, 0, 0, 0, 0, 0, 0, 0, 0, 0, 0, 0, 0, 0, 0, 0, 0, 0, 0, 0, 0, 0, 0, 0, 0, 0]

List of Predicted Classes of Test Data:

[1, 1, 1, 1, 0, 1, 1, 1, 1, 1, 1, 1, 1, 1, 1, 1, 1, 1, 1, 1, 1, 1, 1, 1, 1, 1, 1, 1, 1, 1, 1, 1, 1, 1, 1, 1, 1, 1, 1, 1, 1, 1, 1, 1, 1, 1, 1, 1, 1, 1, 1, 1, 1, 1, 1, 1, 1, 1, 1, 1, 1, 1, 1, 1, 1, 1, 1, 1, 1, 0, 0, 1, 1, 1, 1, 1, 1, 1, 1, 1, 1, 1, 1, 1, 1, 1, 1, 1, 1, 1, 1, 1, 1, 1, 1, 1, 1, 0, 0, 0, 0, 0, 0, 0, 0, 0, 0, 0, 0, 0, 0, 1, 0, 1, 0, 0, 0, 0, 1, 0, 0, 1, 0, 1, 1, 0, 0, 1, 1, 0, 0, 0, 0, 0, 0, 0, 0, 0, 0, 0, 0, 0, 0, 0, 0, 0, 0, 1, 0, 0, 0, 0, 0, 0, 0, 0, 0, 0, 0, 0, 0, 0, 0, 0, 0, 0, 0, 0, 0, 0, 1, 1, 0, 0, 0, 1, 0, 0, 0, 0, 0, 0, 1, 0, 0, 0, 0, 0, 1, 0, 0, 0, 0]

Model Accuracy:

0.9067357512953368%

Class Probability format:

[P(0), P(1)]

Class Probability Calculations for Test Data:

[[3.5749442436801e-15, 1.0], [8.159882411052296e-10, 0.9999999991840127], [2.060377617199745e-13, 0.999999999999801], [9.793466449686332e-12, 0.9999999999902229], [1.0, 1.54088521090313e-20], [2.5977853047424777e-16, 1.0], [4.4657774938619817e-07, 0.9999995534222565], [1.1469786759123196e-14, 1.0], [1.3331235890974937e-10, 0.9999999998666738], [3.615646618795339e-11, 0.9999999999638476], [2.6717811169912238e-11, 0.9999999999732836], [6.902726869420621e-14, 0.9999999999998863], [3.729407146903568e-08, 0.999999962705943], [5.485629393574672e-09, 0.9999999945143827], [2.883810113710958e-06, 0.9999971161898971], [1.6347238822020234e-07, 0.9999998365276062], [1.755740031731108e-20, 1.0], [2.064726483201483e-11, 0.9999999999793658], [2.6195586957794517e-11, 0.9999999999737952], [1.6450427241886459e-13, 0.9999999999998295], [1.6384336463443173e-09, 0.9999999983615453], [1.6736403571576682e-10, 0.999999999832653], [2.367286684038685e-07, 0.99999976327129], [1.1988455121124629e-09, 0.9999999988011723], [2.304632522317199e-12, 0.9999999999976694], [1.888620996344677e-10, 0.9999999998111662], [3.6812678912176044e-10, 0.999999999631882], [9.329090729261816e-11, 0.99999999990672], [9.033179312653035e-12, 0.9999999999909619], [3.030116654865165e-10, 0.9999999996969962], [8.052510153034847e-09, 0.9999999919475044], [8.731163048626361e-14, 0.9999999999998863], [6.258266646793018e-11, 0.9999999999374154], [7.695844605262227e-09, 0.99999999230414], [6.73362040557833e-15, 1.0], [3.043053911010359e-10, 0.9999999996956888], [4.19019125099308e-10, 0.9999999995810072], [2.3463876318235528e-14, 1.0], [7.683057077662094e-11, 0.9999999999231477], [4.3056808604361835e-12, 0.9999999999957083], [0.4621771312991723, 0.5378228687008427], [1.0775359427779785e-15, 1.0], [5.693005139086559e-10, 0.9999999994307132], [2.0176632400461964e-10, 0.9999999997982059], [6.997652887288708e-11, 0.9999999999300258], [5.423083910906475e-08, 0.999999945769163], [2.895369577783325e-21, 1.0], [2.118386577441795e-14, 1.0], [2.4052460554565347e-12, 0.9999999999976126], [2.4318090488795263e-11, 0.999999999975671], [4.875003261398062e-15, 1.0], [3.941062042903225e-08, 0.9999999605893785], [3.7145575735536416e-13, 0.9999999999996021], [3.948866359410403e-13, 0.9999999999996021], [1.5235093481525548e-12, 0.9999999999984652], [4.0577376839646717e-11, 0.9999999999594138], [7.853192998380549e-10, 0.9999999992147082], [1.3369088725140659e-11, 0.9999999999866418], [4.3449762633539493e-14, 0.9999999999999432], [2.3490449268566196e-09, 0.9999999976510026], [1.675132959847444e-17, 1.0], [7.799196332216725e-11, 0.9999999999220108], [5.8305376470908224e-09, 0.9999999941694568], [3.2451743527026773e-18, 1.0], [4.114670693232853e-09, 0.9999999958853323], [2.7572655783338437e-15, 1.0], [8.749606782981876e-13, 0.9999999999991473], [2.0329830826601848e-10, 0.9999999997967279], [6.776195277001648e-07, 0.9999993223804631], [0.9999999810492002, 1.89508128765104e-08], [1.0, 6.710794498226272e-99], [2.799043469775983e-06, 0.9999972009565234], [1.9850574052295144e-15, 1.0], [1.2232566267873745e-09, 0.9999999987767296], [3.2832133986985144e-14, 0.9999999999999432], [1.4850807455298888e-15, 1.0], [2.6422624668904403e-10, 0.9999999997357918], [3.072811014162739e-10, 0.9999999996927045], [5.7006908386483845e-09, 0.9999999942992872], [4.854422589936924e-16, 1.0], [2.0760168052568742e-10, 0.9999999997924078], [2.9738914983089186e-09, 0.9999999970261229], [6.768321870406402e-16, 1.0], [9.600068408053506e-05, 0.9999039993159122], [9.22803134758414e-05, 0.9999077196865251], 
[5.786525921873942e-13, 0.9999999999994316], [4.77382852020387e-08, 0.9999999522617042], [2.496265682371201e-08, 0.999999975037355], [3.2301826305165515e-06, 0.9999967698173452], [1.0266784827173132e-10, 0.9999999998973408], [1.2746687112866446e-10, 0.9999999998725286], [1.6313522237269713e-13, 0.9999999999998295], [1.437112479718199e-15, 1.0], [6.827973895171907e-15, 1.0], [2.3599057106271132e-18, 1.0], [1.718380560276202e-14, 1.0], [2.255605538335291e-07, 0.9999997744394277], [1.0, 6.359599915929377e-26], [1.0, 9.613438865210294e-16], [1.0, 6.922221688561072e-33], [0.9999999920723894, 7.927595771146604e-09], [0.9999929222725902, 7.077727395226196e-06], [1.0, 5.264989049195765e-17], [0.5211528334358954, 0.4788471665640837], [1.0, 9.613438865210294e-16], [0.9999999999776037, 2.2381985467889366e-11], [0.9999992400739234, 7.599261263776165e-07], [0.9999732716129358, 2.6728387107188195e-05], [0.9999999994626023, 5.374011014111115e-10], [1.0, 9.613438865210294e-16], [0.9999999874438572, 1.2556174182250813e-08], [7.847152107480087e-15, 1.0], [0.9999999942317572, 5.768215123244508e-09], [1.0251082013554574e-11, 0.9999999999897682], [0.9580090877803965, 0.04199091221959952], [0.9992909606852796, 0.0007090393147371823], [1.0, 8.5864809439581785e-16], [1.0, 2.082900291942855e-19], [0.17603860046242553, 0.8239613995375891], [0.9999951277780955, 4.872221911073499e-06], [1.0, 4.448217721324414e-17], [7.144040300670608e-12, 0.9999999999928377], [1.0, 1.790751860356835e-20], [1.6108419157570457e-06, 0.9999983891581123], [0.4075679108562724, 0.5924320891437287], [0.9999999999786269, 2.1299708676301592e-11], [1.0, 1.7735078546498546e-14], [0.006726755041818525, 0.9932732449581743], [5.2027927981061135e-08, 0.9999999479720727], [0.9999999994245741, 5.754030905723703e-10], [1.0, 1.4405893010664106e-252], [0.9998624581583966, 0.00013754184167334325], [0.526596802570429, 0.47340319742957104], [0.999999999780357, 2.196215536091004e-10], [1.0, 1.0717943877884813e-15], [0.999999997913136, 2.0868697895355074e-09], [0.9999996679229054, 3.32077100743986e-07], [0.9999999392196647, 6.078035652947528e-08], [0.999862150667842, 0.00013784933212988195], [0.9999999999826059, 1.741273257346801e-11], [0.9999999999957936, 4.2246658610141615e-12], [0.9997102642501297, 0.00028973574984659975], [0.9999999999890861, 1.0895256315305343e-11], [1.0, 2.5950622645127545e-17], [1.0, 8.220173467177715e-18], [0.9999999963857249, 3.6142986573469477e-09], [1.0, 1.4405893010664106e-252], [0.005407003092463921, 0.9945929969075341], [1.0, 1.519831257220445e-23], [1.0, 3.712801609657613e-16], [0.9999999448746182, 
5.512537402978771e-08], [0.9999999999957936, 4.2246658610141615e-12], [0.9999999683841457, 3.161579988419571e-08], [1.0, 1.4405893010664106e-252], [0.9999999999996589, 3.8948966429994077e-13], [0.9999505058846815, 4.949411530580433e-05], [1.0, 2.4745511620923537e-22], [0.9997056154652675, 0.00029438453472621434], [1.0, 3.794338007056594e-27], [0.9999999423731668, 5.762683406848016e-08], [0.9999999981533279, 1.8466994751484513e-09], [0.9999699511434101, 3.0048856568362336e-05], [1.0, 1.5872167871744258e-43], [0.5797236172832768, 0.4202763827167247], [1.0, 2.6257883206989774e-33], [1.0, 3.3653359324850705e-31], [0.9999999986109742, 1.3889690730350946e-09], [1.0, 2.266300941855415e-21], [0.5426080571315868, 0.45739194286839285], [0.9868033375846316, 0.013196662415392472], [0.33702991172682356, 0.6629700882731554], [1.3316918589542139e-08, 0.9999999866830649], [0.9999999999197371, 8.031952920364743e-11], [1.0, 7.277461094060862e-25], [0.9999989827505886, 1.0172494311452897e-06], [0.009857214344603566, 0.9901427856553918], [1.0, 1.4405893010664106e-252], [0.9999999933578465, 6.642157625595944e-09], [0.9999999999997726, 2.3937563848032655e-13], [1.0, 3.410664840928549e-23], [0.9999999999999432, 6.519888905645737e-14], [1.0, 7.11278894258446e-24], [1.0837809611764176e-09, 0.9999999989162234], [1.0, 1.0423525438633513e-26], [0.9351106581515132, 0.06488934184844095], [0.9999999764485212, 2.3551429949663338e-08], [0.9999999581739312, 4.1826057833772774e-08], [1.0, 8.18449019421139e-18], [0.37410131694099197, 0.6258986830590633], [1.0, 6.807312686603179e-20], [0.9999999973031208, 2.6968897813450313e-09], [1.0, 1.0949433526140648e-27], [0.9999999999433271, 5.665961010589456e-11]]